21930.5
21960.0
21989.5
22020.0
22050.5
22081.0
22111.5
22142.5
22173.0
22203.5
22234.0
22264.5
22295.5
22325.0
22354.5
22385.0
22415.5
22446.0
22476.5
22507.5
22538.0
22568.5
22599.0
22629.5
22660.5
22690.0
22720.5
22751.0
22781.5
22812.0
22842.5
22873.5
22904.0
22934.5
22965.0
22995.5
23026.5
23056.0
23085.5
23116.0
23146.5
23177.0
23207.5
23238.5
23269.0
23299.5
23330.0
23360.5
23391.5
23421.0
23450.5
23481.0
23511.5
23542.0
23572.5
23603.5
23634.0
23664.5
23695.0
23725.5
23756.5
23786.0
23815.5
23846.0
23876.5
23907.0
23937.5
23968.5
23999.0
24029.5
24060.0
24090.5
24121.5
24151.0
24181.5
24212.0
24242.5
24273.0
24303.5
24334.5
24365.0
24395.5
24426.0
24456.5
24487.5
24517.0
24546.5
24577.0
24607.5
24638.0
24668.5
24699.5
24730.0
24760.5
24791.0
24821.5
24852.5
24882.0
24911.5
24942.0
24972.5
25003.0
25033.5
25064.5
25095.0
25125.5
25156.0
25186.5
25217.5
25247.0
25276.5
25307.0
25337.5
25368.0
25398.5
25429.5
25460.0
25490.5
25521.0
25551.5
25582.5
25612.0
25642.5
25673.0
25703.5
25734.0
25764.5
25795.5
25826.0
25856.5
25887.0
25917.5
25948.5
25978.0
26007.5
26038.0
26068.5
26099.0
26129.5
26160.5
26191.0
26221.5
26252.0
26282.5
26313.5
26343.0
26372.5
26403.0
26433.5
26464.0
26494.5
26525.5
26556.0
26586.5
26617.0
26647.5
26678.5
26708.0
26737.5
26768.0
26798.5
26829.0
26859.5
26890.5
26921.0
26951.5
26982.0
27012.5
27043.5
27073.0
27103.5
27134.0
27164.5
27195.0
27225.5
27256.5
27287.0
27317.5
27348.0
27378.5
27409.5
27439.0
27468.5
27499.0
27529.5
27560.0
27590.5
27621.5
27652.0
27682.5
27713.0
27743.5
27774.5
27804.0
27833.5
27864.0
27894.5
27925.0
27955.5
27986.5
28017.0
28047.5
28078.0
28108.5
28139.5
28169.0
28198.5
28229.0
28259.5
28290.0
28320.5
28351.5
28382.0
28412.5
28443.0
28473.5
28504.5
28534.0
28564.5
28595.0
28625.5
28656.0
28686.5
28717.5
28748.0
28778.5
28809.0
28839.5
28870.5
28900.0
28929.5
28960.0
28990.5
29021.0
29051.5
29082.5
29113.0
29143.5
29174.0
29204.5
29235.5
29265.0
29294.5
29325.0
29355.5
29386.0
29416.5
29447.5
29478.0
29508.5
29539.0
29569.5
29600.5
29630.0
29659.5
29690.0
29720.5
29751.0
29781.5
29812.5
29843.0
29873.5
29904.0
29934.5
29965.5
29995.0
30025.5
30056.0
30086.5
30117.0
30147.5
30178.5
30209.0
30239.5
30270.0
30300.5
30331.5
30361.0
30390.5
30421.0
30451.5
30482.0
30512.5
30543.5
30574.0
30604.5
30635.0
30665.5
30696.5
30726.0
30755.5
30786.0
30816.5
30847.0
30877.5
30908.5
30939.0
30969.5
31000.0
31030.5
31061.5
31091.0
31120.5
31151.0
31181.5
31212.0
31242.5
31273.5
31304.0
31334.5
31365.0
31395.5
31426.5
31456.0
31486.5
31517.0
31547.5
31578.0
31608.5
31639.5
31670.0
31700.5
31731.0
31761.5
31792.5
31822.0
31851.5
31882.0
31912.5
31943.0
31973.5
32004.5
32035.0
32065.5
32096.0
32126.5
32157.5
32187.0
32216.5
32247.0
32277.5
32308.0
32338.5
32369.5
32400.0
32430.5
32461.0
32491.5
32522.5
32552.0
32581.5
32612.0
32642.5
32673.0
32703.5
32734.5
32765.0
32795.5
32826.0
32856.5
32887.5
32917.0
32947.5
32978.0
33008.5
33039.0
33069.5
33100.5
33131.0
33161.5
33192.0
33222.5
33253.5
33283.0
33312.5
33343.0
33373.5
33404.0
33434.5
33465.5
33496.0
33526.5
33557.0
33587.5
33618.5
33648.0
33677.5
33708.0
33738.5
33769.0
33799.5
33830.5
33861.0
33891.5
33922.0
33952.5
33983.5
34013.0
34042.5
34073.0
34103.5
34134.0
34164.5
34195.5
34226.0
34256.5
34287.0
34317.5
34348.5
34378.0
34408.5
34439.0
34469.5
34500.0
34530.5
34561.5
34592.0
34622.5
34653.0
34683.5
34714.5
34744.0
34773.5
34804.0
34834.5
34865.0
34895.5
34926.5
34957.0
34987.5
35018.0
35048.5
35079.5
35109.0
35138.5
35169.0
35199.5
35230.0
35260.5
35291.5
35322.0
35352.5
35383.0
35413.5
35444.5
35474.0
35503.5
35534.0
35564.5
35595.0
35625.5
35656.5
35687.0
35717.5
35748.0
35778.5
35809.5
35839.0
35869.5
35900.0
35930.5
35961.0
35991.5
36022.5
36053.0
36083.5
36114.0
36144.5
36175.5
36205.0
36234.5
36265.0
36295.5
36326.0
36356.5
36387.5
36418.0
36448.5
36479.0
36509.5
36540.5
36570.0
36599.5
36630.0
36660.5
36691.0
36721.5
36752.5
36783.0
36813.5
36844.0
36874.5
